event num., track num., layer ID, staveID, chipID, row, column, global_x, global_y, global_z, trackType, vtxX, vtxY, vtxZ
000000, 016, 00, 08, 03, 0000, 0000, -0.306568, -2.45618, -2.66363,   1, -0.0252264, -0.125063, -3.55768
000000, 016, 01, 11, 03, 0000, 0000,  -0.3955, -3.25136, -2.36295,   1, -0.0252264, -0.125063, -3.55768
000000, 016, 02, 14, 03, 0000, 0000, -0.486622,  -4.0866, -2.04716,   1, -0.0252264, -0.125063, -3.55768
000000, 022, 00, 08, 03, 0000, 0000, -0.306568, -2.45618, -2.66363,   1, -0.0252264, -0.125063, -3.55768
000000, 022, 01, 11, 03, 0000, 0000,  -0.3955, -3.25136, -2.36295,   1, -0.0252264, -0.125063, -3.55768
000000, 022, 02, 14, 03, 0000, 0000, -0.486622,  -4.0866, -2.04716,   1, -0.0252264, -0.125063, -3.55768
000001, 019, 00, 05, 00, 0000, 0000, -2.45685,  0.19457, -11.7934,   1, -0.0256742, 0.0895655, -9.11267
000001, 019, 01, 07, 00, 0000, 0000, -3.23322, 0.217671, -12.6506,   1, -0.0256742, 0.0895655, -9.11267
000001, 019, 02, 09, 00, 0000, 0000, -4.04906, 0.236755, -13.5469,   1, -0.0256742, 0.0895655, -9.11267
000002, 001, 00, 10, 06, 0000, 0000,  2.16237, -1.17153,  6.06509,   1, 0.0877786, -0.089727,  6.63915
000002, 001, 01, 14, 06, 0000, 0000,  2.86948, -1.55299,  5.86918,   1, 0.0877786, -0.089727,  6.63915
000002, 001, 02, 18, 06, 0000, 0000,  3.69029, -2.00139,  5.64111,   1, 0.0877786, -0.089727,  6.63915
000003, 003, 00, 05, 02, 0000, 0000, -2.45287, 0.852222,  -7.2995,   1, 0.0564227, 0.0409049, -5.88873
000003, 003, 01, 07, 01, 0000, 0000,  -3.3279,  1.14559, -7.79499,   1, 0.0564227, 0.0409049, -5.88873
000003, 003, 02, 08, 01, 0000, 0000, -3.80576,  1.30803, -8.06546,   1, 0.0564227, 0.0409049, -5.88873
000004, 015, 00, 00, 05, 0000, 0000,  2.48954, 0.595223,  3.17085,   1, 0.0349402, 0.237985, -0.525248
000004, 015, 01, 00, 05, 0000, 0000,  3.22855, 0.742795,  4.07349,   1, 0.0349402, 0.237985, -0.525248
000004, 015, 02, 00, 06, 0001, 0000,  3.99011, 0.893805,  5.00368,   1, 0.0349402, 0.237985, -0.525248
000004, 016, 00, 03, 05, 0000, 0000, -0.600129,  2.48675,  2.16704,   1, 0.113695, 0.0759959, 0.183135
000004, 016, 01, 04, 05, 0000, 0000, -0.79485,  3.20049,  2.74745,   1, 0.113695, 0.0759959, 0.183135
000004, 016, 02, 05, 05, 0000, 0000, -0.993196,  3.94046,  3.34882,   1, 0.113695, 0.0759959, 0.183135
000008, 013, 00, 02, 06, 0000, 0000, 0.355399,  2.45588,  6.56948,   1, 0.0693519, 0.00254182,  7.55169
000008, 013, 01, 03, 06, 0000, 0000,  0.44096,    3.256,  6.25369,   1, 0.0693519, 0.00254182,  7.55169
000008, 013, 02, 04, 06, 0000, 0000, 0.527824,  4.09279,  5.92474,   1, 0.0693519, 0.00254182,  7.55169
000008, 014, 00, 09, 06, 0000, 0000, 0.408579,  -2.5958,  6.29316,   1, 0.0690449, 0.00281084,  7.55228
000008, 014, 01, 12, 06, 0000, 0000, 0.501448, -3.35865,   5.9262,   1, 0.0690449, 0.00281084,  7.55228
000008, 014, 02, 15, 06, 0000, 0000, 0.594028, -4.13987,  5.54998,   1, 0.0690449, 0.00281084,  7.55228
000008, 019, 00, 00, 06, 0000, 0000,   2.4043, 0.744959,  5.91012,   1, 0.0689314, 0.00236132,   7.5524
000008, 019, 01, 00, 06, 0000, 0000,  3.10994, 0.962846,  5.42181,   1, 0.0689314, 0.00236132,   7.5524
000008, 019, 02, 00, 06, 0000, 0000,  3.84326,  1.18777,  4.91157,   1, 0.0689314, 0.00236132,   7.5524
000008, 022, 00, 07, 07, 0000, 0000, -1.35015,  -2.0578,   9.0567,   1, 0.0689314, 0.00236132,   7.5524
000008, 022, 01, 10, 07, 0000, 0000, -1.83881, -2.78387,  9.58886,   1, 0.0689314, 0.00236132,   7.5524
000008, 022, 02, 13, 07, 0000, 0000, -2.39734, -3.62436,  10.2034,   1, 0.0689314, 0.00236132,   7.5524
000009, 014, 00, 09, 06, 0000, 0000,   1.1047, -2.19949,  6.53731,   1, 0.182286, -0.0535831,   6.9909
000009, 014, 01, 13, 06, 0000, 0000,  1.56265, -3.13927,  6.32971,   1, 0.182286, -0.0535831,   6.9909
000009, 014, 02, 16, 06, 0000, 0000,  1.85797, -3.74018,  6.19667,   1, 0.182286, -0.0535831,   6.9909
000011, 001, 00, 01, 03, 0001, 0000,  2.17171,  1.57682, -2.32542,   1, 0.109294, -0.0290238, -2.34961
000011, 001, 01, 01, 03, 0001, 0000,  2.65582,  1.95657, -2.32055,   1, 0.109294, -0.0290238, -2.34961
000011, 001, 02, 01, 03, 0000, 0000,  3.21222,  2.39438, -2.31324,   1, 0.109294, -0.0290238, -2.34961
000012, 026, 00, 11, 01, 0002, 0000,  2.45556, -0.409158, -8.92073,   1, 0.0659512, 0.0632413,  -8.9713
000012, 026, 01, 15, 01, 0001, 0000,  3.26951, -0.573328, -8.91196,   1, 0.0659512, 0.0632413,  -8.9713
000012, 026, 02, 19, 01, 0004, 0000,  4.12614, -0.74978, -8.90172,   1, 0.0659512, 0.0632413,  -8.9713
000013, 013, 00, 08, 03, 0000, 0000, -0.820415, -2.45307, -2.78108,   1, -0.0242766, -0.193848, -2.46786
000013, 013, 01, 11, 03, 0000, 0000,  -1.1242, -3.32572,  -2.8995,   1, -0.0242766, -0.193848, -2.46786
000013, 013, 02, 13, 03, 0000, 0000, -1.28946, -3.80885, -2.96529,   1, -0.0242766, -0.193848, -2.46786
000014, 008, 00, 09, 03, 0000, 0000,  1.24486,  -2.1197, -4.25478,   1, 0.0774492, -0.0964943, -1.70676
000014, 008, 01, 13, 02, 0000, 0000,  1.71462, -2.95277,   -5.299,   1, 0.0774492, -0.0964943, -1.70676
000014, 008, 02, 16, 02, 0000, 0000,  2.04731, -3.55382, -6.04998,   1, 0.0774492, -0.0964943, -1.70676
000018, 004, 00, 00, 06, 0000, 0000,  2.36773, 0.809198,  6.38527,   1, 0.146257, 0.122337,  6.95851
000018, 004, 01, 00, 06, 0000, 0000,  3.07742,  1.02318,  6.20252,   1, 0.146257, 0.122337,  6.95851
000018, 004, 02, 00, 06, 0000, 0000,  3.81512,  1.24408,  6.01294,   1, 0.146257, 0.122337,  6.95851
000018, 013, 01, 02, 06, 0000, 0000,  1.40707,  2.91319,   5.5646,   1, 0.146257, 0.122337,  6.95851
000018, 013, 02, 03, 06, 0000, 0000,  1.80253,  3.72341,  5.13233,   1, 0.146257, 0.122337,  6.95851
000019, 004, 00, 01, 02, 0000, 0000,  1.28288,  2.09719, -5.41011,   1, 0.0339332, 0.0335728,  -5.7313
000019, 004, 01, 02, 02, 0000, 0000,   1.7062,  2.82359, -5.30192,   1, 0.0339332, 0.0335728,  -5.7313
000019, 004, 02, 03, 02, 0000, 0000,  2.18346,  3.65998, -5.17863,   1, 0.0339332, 0.0335728,  -5.7313
000019, 005, 00, 09, 02, 0000, 0000, 0.539393, -2.52133,  -5.8955,   1, 0.0376645, 0.0303853, -5.72118
000019, 005, 01, 12, 02, 0000, 0000, 0.674177, -3.26554, -5.94667,   1, 0.0376645, 0.0303853, -5.72118
000019, 005, 02, 15, 02, 0000, 0000,  0.80844, -4.03276, -5.99784,   1, 0.0376645, 0.0303853, -5.72118
000019, 009, 00, 09, 02, 0001, 0000,  1.08601, -2.21013, -4.93642,   1, 0.0372842, 0.031406, -5.71965
000019, 009, 01, 13, 02, 0000, 0000,  1.53096, -3.17817, -4.59773,   1, 0.0372842, 0.031406, -5.71965
000019, 009, 02, 16, 03, 0000, 0000,  1.80912, -3.78826, -4.38636,   1, 0.0372842, 0.031406, -5.71965
